0.86 1.96 0.88 1.06 1.71 0.75 2.46 2.68 0.07 -0.5 -0.05 -0.37 0.94 0.9 0.6 -0.47 -0.49 -0.04 -0.74 -0.28 -0.27 -0.6 0.75 0.55 -1.32 -0.57 -0.89 -1.16 0.19 -0.92 -0.93 -0.85 -0.78 -0.98 -1.09 -0.19 0.02 -0.08 -0.92 -0.99 -0.53 -0.58 0.78 0.79 -0.81 -1.26 -0.95 -0.43 -0.49 -0.77 -0.47 -2.04 -1.89 -1.15 -1.23 -0.61 -0.61 -0.96 -0.88 -0.75 -0.4 -0.16 -0.64 0.99 -0.59 -1.46 1.87 2.06 1.54 -0.49 0.89 1.83 2.01 0.46 2.11 1.26 1.31 1.22 0.33 0.09 0.46 0.24 1.71 0.55 -0.1 -0.26 0.77 -0.03 -0.11 0.02 -0.23 1.12 -0.88 -1.87 -0.15 -1.82 -2.13 -0.89 -0.29 -1.01
0.69 1.86 1.64 1.41 2.35 1.09 0.92 1.28 2.11 0.81 0.16 -1.12 -0.02 0.44 0.07 0.75 -0.29 0.05 -0.87 -0.52 -0.37 -0.79 0.14 -0.1 -1.56 -0.95 -1.54 -1.83 -0.83 -1.21 -1.58 -0.54 -1.44 -1.01 -1.25 -0.37 -1.05 -1.13 -2.19 -1.85 -0.67 -0.54 -0.62 -0.67 -0.89 -0.77 -0.55 -0.99 0.37 1.68 1.63 0.39 0.42 1.47 0.28 0.47 0.09 -0.41 -0.5 1.02 -0.97 0.37 0.71 0.57 -0.97 -1.95 1.32 2.58 2.6 0.68 -0.55 2.5 2.52 0.09 1.47 1.01 0.77 0.78 0.61 0.6 0.5 0.67 0.97 0.57 0.14 -0.17 0.16 0.35 -0.22 0.39 0.09 0 -0.28 -0.38 -0.05 -2.26 -3.02 -1.09 0.87 -1.39
1.49 2.45 2.51 2.39 -0.32 0.83 1.72 1.74 1.06 -0.04 0.42 -1.36 0.43 0.7 0.41 1.77 -0.01 -0.37 -0.22 -0.67 0.12 0.07 -1.09 -0.95 -1.68 -2.06 -1.51 -2.31 -1.6 -1.08 -1.4 0.26 -0.41 0.45 -0.57 -0.43 -0.99 -1.66 -2.82 -1.39 -1.3 -0.62 0.7 0.51 -1.23 0.25 0 -1.34 0.59 0.58 0.58 0.17 0.38 0.36 -0.58 -0.31 -0.24 -1.89 -1.33 -0.58 -0.3 0.31 0.26 0.31 -1.15 -1.73 2.67 2.41 2.66 0.76 0.56 1.36 1.59 0.81 -0.12 1.38 1.19 1.09 1.02 1.14 0.75 1.26 2.14 0.25 0.95 -0.38 0.23 -0.1 -0.71 -0.17 0.16 0.68 -1.75 -2.5 1.31 -1.38 -1.42 0.03 0.89 -1.6
0.49 1.76 1.4 1.49 0.1 -0.53 0.98 1.06 0.2 -0.3 -0.15 -0.12 0.33 -0.94 -1.43 -0.67 -0.31 -0.52 -0.28 -0.56 -0.5 0.2 0.14 0.09 0.67 -0.58 -0.95 -1.22 -0.18 -0.17 -0.12 -0.79 -0.88 -0.61 -1.05 -0.44 -0.28 -0.25 0.1 0.04 -0.25 -0.2 0.63 0.62 -0.78 0.61 0.26 -0.38 -0.36 -1.17 -0.93 -2.05 -1.73 -1.34 -1.31 -0.46 -1.26 -1.22 -1.21 0.31 0.03 -0.26 -0.16 0.96 -0.18 -0.33 0.88 1.75 1.95 0.43 0.41 -1.17 -0.94 0.13 -0.45 -1.12 -0.84 -0.67 -0.29 -0.08 -0.16 0.48 0.54 -0.23 0.44 -0.57 0.42 0.74 0.3 -0.1 0.21 0.36 -0.04 -0.17 0.19 0.08 -0.2 0 0.29 -0.47
0.54 1.27 1.18 1.2 -0.48 1.12 1.29 1.34 0.62 -0.18 0.34 -0.1 0.17 0.5 0.37 -0.01 -0.19 0.22 -1.13 -0.06 -0.06 -1.25 -0.4 -0.55 -1.04 -0.38 -0.67 -1.48 0.1 -1.13 -1.01 -0.4 -0.54 -0.49 -0.72 -0.16 -0.46 -0.73 -1.15 -1.12 -0.28 -0.28 -0.84 -0.87 0.15 -1.53 -1.17 -0.78 0.41 -1.03 -1.23 -1.64 -1.87 -1.37 -0.78 -0.41 -0.8 -0.89 -0.9 0.62 -0.86 -0.2 -0.41 0.8 -0.31 -1.37 0.86 1.95 1.98 0.23 0.97 1.66 1.75 0.76 1.28 1.12 0.95 1.02 0.39 0.46 0.3 0.49 0.16 0.03 -0.16 -0.01 0.01 0.38 -0.07 -0.5 -0.14 0.26 -0.51 -0.69 0.97 0.17 -0.1 -0.18 0.38 -1.18
0.313 0.96 0.84 1.05 -0.41 -0.02 0.95 1.29 1.66 -0.17 0.6 -0.64 0.38 0.17 -0.15 0.9 -1.1 -0.9 -0.6 -0.45 -0.15 -1.27 -0.83 -0.08 -1.63 -1.68 -2.32 -0.139 -1.77 -0.92 -0.81 0.51 -0.45 -0.5 -0.6 -0.59 -0.22 -1.26 0.11 -0.99 0.43 0.2 -1.1 -1.26 -1.21 0.47 0.17 -0.39 -0.82 -0.58 0.0725 0.04 -0.06 -0.02 -0.17 -0.22 -0.03 -0.3 -0.1 -0.64 -0.62 0.02 0.29 0.14 -0.58 -0.89 0.56 2.26 2.18 0.41 0.77 1.95 1.72 0.51 1.36 0.69 0.7 0.73 0.02 0.27 0.16 0.46 -0.08 0.41 0.73 0.4 -0.32 0.14 -0.57 0.07 -0.18 0.78 -0.16 -0.03 0.62 -1.45 -1.42 -1.06 0.69 -0.9
0.25 0.9 0.97 0.81 0.27 -0.72 0 0.34 0.05 0.16 -0.04 0.36 0.04 -0.27 -0.32 -0.89 0.47 -0.25 0.7 3.54 0.34 0.99 -0.4 -0.05 0.23 1.83 1.4 1.4 1.54 0.73 1.16 0.52 1.07 1.27 0.78 1.12 0.99 2.47 0.92 1.15 -0.03 0.19 0.23 0 0.79 0.36 0.48 1.29 0.78 0.94 0.76 0.04 -0.19 0.55 0.11 0.17 -0.02 -0.77 -0.68 0.34 0.59 -0.48 -0.34 -0.34 0.15 0.35 0 0.79 0.77 0.43 -0.99 -1.05 -0.43 -0.08 -0.1 -0.33 -0.53 -0.41 0.39 0.17 0.11 0.25 0.01 0.24 1.21 0.27 0.48 1.05 0.66 0.7 0.48 0.47 0.93 0.42 0.41 2.38 2.24 1 -0.16 0.62
0.62 1.35 1.25 1.37 0.71 -0.54 0.83 0.94 1.68 -0.22 -0.46 -0.09 -0.53 -0.54 -0.88 -0.88 0.2 0.16 0.27 -0.2 -0.04 1.07 -0.06 -0.22 0.31 1.17 0.91 0.6 0.05 2.08 2.24 0.7 1.21 1.48 1.29 1.49 0.9 3.55 0.87 1.33 0.71 1.38 1.27 0.98 0.19 0.96 0.64 0.88 1.02 1.65 1.72 0.59 0.7 1.41 0.75 0.54 0.61 0.01 0.65 1.41 0.44 -0.19 -0.53 0.0175 0.03 -0.07 0.72 0.72 0.85 0.41 -0.88 -0.24 -0.14 -0.18 -0.21 -0.67 -0.089 -0.79 -0.15 -0.5 -0.33 -0.31 -0.07 -0.06 1.7 0.06 1.18 0.52 0.29 0.69 0.48 -0.47 0.34 0.41 0.17 1.76 1.67 -0.25 0.36 0.18
-0.11 0.28 0.27 0.22 0.03 -0.12 0.32 0.55 0.74 -0.34 -0.41 0.48 -0.29 -0.45 -0.46 -1.11 0.16 0.27 0 1.48 -0.19 0.69 -0.3 -0.28 0.91 1.14 0.62 0.61 0.18 0.87 1.01 1.4 2.09 2.61 2.74 2.42 2.54 3.07 1.01 1.36 0.73 0.97 0.84 0.64 0.74 1.49 1.5 1.19 0.62 1.46 1.73 1.4 1.25 1.34 1.07 1.29 1.04 1.01 1.28 1 0.34 -0.43 -0.55 -0.24 0.64 -0.77 0.04 0.55 0.3 -0.06 0.45 -0.05 0.16 0.01 -0.04 0.16 0.04 0.08 -0.82 -0.87 -0.65 -0.69 -0.45 0.07 1.15 0.88 1.16 -0.14 0.35 0.32 0.26 -0.29 1.18 0.17 -0.61 1.19 1.16 0.1 -0.19 0
-1.16 -2.06 -2.29 -1.88 -0.52 -1.02 -1.54 -1.28 -1.14 -0.24 -0.15 1.37 -0.88 -0.62 -0.87 -0.94 0.95 0.82 0.54 0.34 1.3 1.22 1.83 1.72 1.57 2.68 2.02 2.15 1.73 2.9 3.28 1.48 1.85 1.99 2.17 1.77 1.48 4.21 3.09 3.31 1.15 1.43 1.8 1.63 1.58 1.71 1.44 1.21 1.4 2.47 2.53 1.88 1.9 2.09 1.24 0.47 0.43 1.33 1.6 1.21 0.84 -0.96 -0.63 0.32 -0.05 0.12 -0.78 -0.69 -0.74 -1.17 -1.09 -1.6 -1.63 -0.29 -0.81 -0.28 -0.26 -0.12 -1.89 -2.41 -1.28 -1.8 -0.64 -0.51 1.86 0.91 1.57 1.11 0.63 1.28 0.81 -0.6 0.44 0.44 -0.31 2.54 2.54 0.2 -1.17 0.65
-1.59 -1.59 -1.65 -1.43 -0.55 -1.97 -1.75 -1.1 -1.26 -0.03 -0.06 1.51 -0.2 -1.22 -1.34 -1.43 0.53 0.55 0.58 0.53 1.56 1.28 1.18 1.89 1.74 3.47 2.8 2.88 1.98 3.38 3.25 1.59 2.25 2.67 2.33 2.32 2.38 4.71 3.42 3.55 1.61 2.14 1.84 1.99 2.08 1.47 0.86 1.18 1.78 2.53 2.73 2.45 2.23 2.32 1.24 1.27 0.88 1.41 1.73 1.28 1.23 -1.12 -0.81 -0.27 0 0.52 -1.05 -2.53 -2.58 -0.67 -1.15 -1.93 -1.19 -0.14 -0.41 0.03 -0.21 -0.24 -2.44 -2.46 -2.03 -2 -0.84 -0.54 2.26 1 1.76 1.41 0.97 1.47 0.48 0 0.99 0.79 -0.04 2.8 2.55 0.76 -1.5 0.8
-1.398 -4.42 -3.43 -2.35 -0.38 -2.36 -2.26 -1.78 -0.03 -0.43 -1.31 0.13 -1.73 -0.78 -1.13 -1.41 -0.45 -0.06 1.78 2.31 0.38 0.09 1.1 0.81 0.52 1.6 1.08 1 1.67 -0.28 -0.1 0.76 1.43 1.11 1.53 1.2 1.52 1.21 1.24 1.5 0.76 0.03 1.38 1.19 0.37 0.61 0.063 0.55 1.01 1.89 1.61 1.62 1.7 1.7 0.89 0.75 0.91 1.43 0.65 1.76 0.7 0.3 -1.3 0.09 0.74 -0.565555555555556 -1.48 -0.75 -0.48 -0.79 -0.485555555555555 -1.29 -2.36 0.08 -1.27 -0.59 -0.8 -0.79 -0.182 -0.43 -0.23 -0.34 -0.63 -0.62 1.81 0.35 1.5 0.21 0.496 0.97 0.71 0.37 0.48 0.61 -0.65 1.77 1.44 1.65 -0.6 -0.59
-0.43 -0.41 -0.6 -0.61 -1.6 -0.527777777777778 -1.91 -1.75 -1.07666666666667 -0.91 -0.36 0.52 -1.32 -1.18 -0.85 -0.68875 -0.15 -0.15 -0.14 1.78 0.75 0.98 1.01 0.81 0.9 2.29 1.82 1.44 1.1 2.34 2.48 1.12 1.61 1.86 1.73 2 1.51 3.2 1.61 1.83 1.21 -0.21 0.93 0.85 2.22 0.94 0.54 1.09 0.29 0.85 0.93 0.4 0.35 0.81 0.76 0.22 0.22 0.33 0.72 1.74 1.4 -1.24 -1.05 -0.41 -0.08 0.2 -1.47 -2.64 -0.993333333333333 -0.35 -0.52 -1.18 -1.36 -0.71 -0.69 -1.09 -1.21 -0.93 -0.454 -1.64 -1.76 -1.65 -0.91 -0.62 2.24 0.19 1.57 0.8 1.34 0.74 0.5 0.15 0.66 0.17 -0.25 0.47 0.68 1.23 -0.94 0.49
-1.01 -3.05 -2.4 -2.28 -1.12 -2.3 -1.52 -1.52 -1.33 -0.89 0.07 -0.17 -1.42 -1.22 -0.8 -0.19 0.38 -0.31 0.92 2.12 1.26 2.24 1.12 0.93 0.19 2.31 2.37 2 1.26 1.73 2.16 0.7 0.91 1.24 0.82 0.74 1.25 4.49 0.14 1.3 0.55 0.68 1.98 1.72 1.08 1.14 0.78 0.47 1.06 1.37 1.5 0.56 0.68 1.71 0.5 0.1 -0.46 1 1.58 0.32 0.68 -1.01 -1.28 0.42 -0.02 0.04 -1.14 -3.27 -3.78 -1.27 -0.75 -1.69 -0.94 -0.07 -1.89 -0.3 -0.42 -0.31 -0.95 -1.5 -1.5 -1.61 0 -0.26 1.86 1.12 1.79 1.69 2.83 0.08 0.64 0.46 0.66 0.67 0.22 1.97 2.4 1.93 -0.51 1.19
-1.45 -1.48 -1.64 -1.55 0.49 0.69 -0.8 -0.68 -1.56 -0.49 -0.52 0.69 -0.9 -0.77 -0.7 -1.24 0.52 -0.24 0.58 0.15 0.69 1.14 0.81 0.97 1.38 2 0.97 1.22 1.41 0.74 0.99 0.67 0.74 0.94 0.9 0.79 0.63 4.83 1.14 1.29 0.51 1.64 1.81 1.44 1.75 -0.15 -0.04 1.1 0.54 1.02 0.98 -0.11 0.05 0.61 0.31 0.21 0.09 0.06 0.08 1.07 0.35 -0.4 -0.33 -0.14 0.45 1.24 0.09 -0.09 -0.27 -0.77 -0.72 -1.04 -0.67 -0.07 -1.22 -0.71 -0.73 -0.68 -0.07 0.01 0.15 0.44 0.56 -0.62 1.75 0.62 0.57 1.1 1.55 1.19 0.1 -0.22 -0.14 -0.52 -0.23 1.44 1.65 2.28 -0.23 0.94
0.29 -1.83 -2.18 -2.12 -0.93 -1.54 -1.44 -1.39 -1.74 -0.83 -1.39 1.16 -2.32 -0.39 0.06 -0.37 -0.28 0.66 1.07 -0.48 0.11 0.66 0.59 0.87 -0.57 1.81 1.38 1.4 0.97 -0.01 0.23 -0.14 -0.01 0.03 -0.67 -0.4 -0.11 -0.87 -1.32 -1.04 -0.38 0.28 -0.35 -0.6 0.74 -0.25 -0.12 0.3 0.63 0.87 0.8 -0.41 -0.45 0.43 0.14 -0.07 -0.24 0.34 0.72 2.38 -0.1 0.51 0.83 0.23 0.45 -0.6 -0.16 0.39 0.44 -1.22 -1.07 -1.36 -1.74 -0.12 -1.67 -0.96 -0.98 -0.81 0.24 0.36 0.35 0.56 0.87 -0.76 -0.6 0.15 -0.13 1.24 -0.38 2.22 0.39 -0.48 0.68 0.74 -0.66 1.27 1.38 1.21 -0.36 0.46
-0.25 0 0.29 -0.11 0.12 0.11 0.33 0.73 0.44 0.24 -0.01 0.49 -0.21 -0.19 -0.2 0.36 0.34 -0.57 -0.66 0.06 0.13 -0.29 0.29 0.17 0.09 0.53 0.18 -0.56 0.32 -0.25 -0.32 -0.01 -0.08 -0.03 -0.48 -0.05 -0.11 -0.06 -0.66 -0.85 -0.04 -0.27 0.48 0.33 0.89 0.74 0.79 0.1 0.85 0.08 0.04 -0.41 -0.5 -0.29 -0.22 -0.05 -0.23 -0.3 -0.73 0.49 -0.04 -0.06 0.63 0.22 -0.08 -0.98 0.57 0.46 0.38 0.87 0.98 -0.28 0 0.72 -0.07 0.07 -0.14 0.11 0.31 0.21 0.25 0.38 -0.17 0.4 -0.91 -0.19 -0.47 -0.1 0.02 0.28 -0.28 0.39 -0.58 -1.03 0.39 2.07 1.65 0.52 0.22 0.43
-0.95 -0.81 -0.68 -0.77 -0.08 -0.72 0.06 0.49 -0.89 -0.31 -0.9 0.52 -1.04 -0.44 -0.62 -1.36 0.57 -0.1 -0.24 1.67 0.64 0.76 0.56 0.39 0.57 1.93 1.46 1.45 0.3 0.62 0.78 1.32 1.42 2.25 1.78 1.7 1.39 2.96 0 0.32 0.37 0.63 0.67 0.64 0.79 0.11 0.03 -0.34 0.59 0.97 0.94 0.02 0.28 0.75 0.63 -0.09 0.05 -0.04 0.05 -0.07 0.11 -0.77 -0.36 -0.36 -0.01 -0.25 0.19 0.13 0.39 -0.34 0.67 0.21 0.07 0.13 -0.62 -0.48 -0.45 -0.37 -0.58 -0.49 -0.61 -0.89 0.24 -0.57 -0.36 0.58 0.4 0.66 0.45 0.62 0.31 -0.09 0.39 0.27 0 2.39 2.45 0.24 -0.03 1.01
0.06 0.19 0.12 0.66 -0.44 1.03 0.62 0.74 0.52 0.37 0.86 -0.16 0.23 0.12 0.09 -0.36 0.02 -0.64 -0.12 0.2 0.1 -0.32 -0.2 0.1 0.03 -0.78 -0.97 -1.86 -0.55 -0.91 -0.89 -0.22 -0.16 0 -0.32 0.05 -0.39 -0.78 -0.7 -0.55 -0.14 -0.22 -0.96 -1.03 -0.01 -0.4 -0.4 0.18 0.08 0.27 0.39 0.15 0.27 0.69 -0.02 -0.14 0.1 -0.24 0.09 1.39 -0.05 0.52 0.36 0.51 -0.2 -0.52 0.27 0.71 0.85 0.23 -0.48 0.37 0.37 0.77 -0.05 0 0.11 -0.07 0.48 0.43 0.25 0.43 0.25 0.11 0.04 0.5 0.14 0 0.07 -0.66 -0.37 0.28 -0.41 -0.18 0.9 -0.66 -0.5 -0.01 0.89 -0.57
0.91 0.75 0.63 0.59 1.11 0.64 0.25 -0.01 1.05 0.69 0.74 -0.41 0.68 0.6 0.62 -0.25 -0.35 -0.68 -0.13 0.25 -0.12 -0.79 -0.58 -0.19 -0.98 -1.12 -0.85 -0.61 -0.82 0.65 -0.07 -0.32 -0.36 -0.21 0.063 -0.71 -0.04 -0.03 -1.07 -0.72 -0.38 -1 -0.82 -0.9 0.26 -0.12 -0.2 -0.69 -0.4 -0.99 -0.93 -0.18 -0.17 0 0.51 0.47 0.26 -0.73 -0.23 0.32 0.28 0.64 -0.14 0.3 -0.54 0.35 0.18 0.75 0.68 0.5 -0.22 1.76 1.86 0.51 0.44 0.19 0.32 0.14 0.54 0.16 0.29 -0.24 0.49 0.61 -0.76 -0.28 -0.22 -0.21 0.15 -0.19 -0.65 0.07 0.24 0.22 0.6 -0.75 -0.82 1.45 0.8 -0.61
0.776666666666667 1.65 1.76 1.77 0.83 0.51 0.87 1.34 1.35 0.38 -0.13 -0.53 0 -0.032 0.24 0.85 0.25 -1.05 -0.61 0.04 -0.7 -0.18 -0.49 -1.04 -1.51 -1.41 -2.17 -2.15 -0.08 -0.13 -0.23 0.11 -0.48 -0.37 -0.69 -0.59 -0.37 -0.38 -2.42 -2.03 -0.62 -0.03 -0.28 -0.38 -1.11 -0.045 -0.37 -0.18 -0.32 0.08 0.09 -0.56 -0.47 0.42 0.34 0.22 0.27 -0.45 -0.2 -0.38 0.07 0.12 0.28 -0.29 -0.37 -0.01 0.67 0.98 1.05 0.22 0.64 1.53 1.43 1.1 1.1 0.65 0.9 1.13 0.45 0.68 0.5 0.3 0.21 -0.45 -1.31 -0.26 -0.64 -0.27 -0.29 -0.5 -0.89 -0.05 0.23 0.3 0.63 1.96 1.83 0.47 1.05 0.04
-0.47 -0.18 -0.21 -0.09 -0.98 -0.95 -1.32 -1.24 -0.531666666666667 -0.43 -0.16 0.33 -0.51 -0.11 -0.56 -0.38 0.24 0.01 1.04 2.29 0.41 1.56 0.45 0.63 0.8 1.23 0.82 0.54 0.59 0.58 0.68 0.92 2.29 1.61 1.86 1.97 1.26 3.85 1.35 1.68 0.18 0.55 0.75 0.71 1.65 1.05 0.82 0.186666666666667 0.07 0.1 0.3 -0.49 -0.52 0.15 0.48 -0.18 -0.22 1.05 1.31 0.69 -1.08 -0.54 -0.76 -0.43 0.238571428571429 0.82 -1.13 -2.12 -2.15 -0.072 -0.0516666666666667 0 0.17 0.08 -0.93 0.04 0 -0.09 -0.58 -0.93 -0.86 -0.59 0.1 -0.38 1.77 0.22 1.36 1.31 0.75 0.68 0.06 -0.22 0.76 0.85 0 2.61 2.54 0.774444444444444 0.33 0.43
-0.28 -0.06 -0.06 -0.07 -0.5 -0.6 -1.25 -1.21 -0.24 -0.34 -0.066 0.16 -0.77 -0.84 -0.71 -0.67 0.81 0.47 0.76 0.38 0.58 1.39 0.19 -0.05 0.79 1.41 1.1 1.21 0.48 1.11 1.22 0.63 1.66 0.95 1.83 1.57 1.62 1.76 0.86 0.86 0.13 -0.13 0.53 0.38 0.9 -0.03 -0.29 0.18 0.01 0.94 0.72 0.86 0.9 1.46 1.55 0.77 0.91 1.03 1.38 1.37 0.37 -0.29 -0.88 -0.3 0.62 0.77 -0.85 -2.35 -2.43 -0.25 -0.7 -0.63 -0.83 -0.26 -0.95 -0.14 0.08 0.1 0.14 0.09 0.01 -0.21 -0.34 -0.09 1.61 0.48 1.31 0.98 0.84 0.32 0.41 0.11 0.83 0.71 0.26 0.9 0.84 0.56 0.08 0.41
-0.487777777777778 -1.32 -0.38 -0.7 -0.71 -0.6 -0.79 -0.39 -2.11 -0.48 -0.23 -0.62 -1.82 -0.477 -0.67 -0.95 0.34 0.42 1.55 -0.81 0.28 1.78 1.94 0.43 0.88 3.11 2.49 2.38 0.51 0.31 0.49 1.58 1.06 2.99 1.85 1.42 1.36 4.52 1.04 1.54 1.7 2.55 1.22 1.78 1.4 0.77 0.78 0.72 0.15 0.48 -0.86 0.48 0.25 1.85 1.23 -0.58 0.89 2.21 2.93 1.48 0.97 -0.39 -0.72 0.22 0.82 0.75 -0.49 -0.79 -1.26 -0.2 -0.95 0.65 -0.63 0.23 -0.61 -0.71 -0.94 -0.53 -0.51 -0.52 -0.74 -0.92 -0.18 0.36 2.46 1.21 0.25 0.45 0.49 0.45 0.41 -1.19 -0.23 1.59 0.21 2.65 2.86 1.41 0.75 0.22
-0.06 0.11 0 0.42 -1.04 -1.43 0.31 0.26 -1.26 0.1 0.26 0.35 -1.7 -0.46 -0.18 -1.34 -0.27 1.25 0.86 1.84 0.57 -0.87 0.28 0.01 0.37 1.51 1.05 1.03 1.11 2.27 2.55 0.09 1.07 0.79 1.04 0.75 0.88 1.73 -0.31 -0.56 -0.09 2.31 1.63 1.38 1.05 0.56 0.12 -0.2 -0.04 -0.51 -0.58 0 0.33 0.73 0.26 0.36 0.45 1.39 1.79 1.16 -0.67 -0.74 -1.03 -0.76 0.47 0.83 0.63 -0.44 -0.99 -0.19 -0.92 0.41 -0.11 -0.25 -1.58 -0.98 -0.7 -0.58 -1.02 -0.52 -0.77 -0.77 -0.85 -0.67 1.45 0.25 0.3 1.3 1.64 1.45 0.97 0.04 1.36 1.34 0.49 1.56 1.7 1.6 0.99 1.48
-0.15 -0.14 -0.45 -0.27 -0.41 -1.21 -1.45 -1.38 -1.59 -0.68 -1.02 0.3 -0.32 -0.62 -0.4 -1.22 0.4 1.08 0.77 1.27 0.55 -0.86 1.15 0.27 0.85 1.62 0.91 0.36 -0.93 0.11 0 0.44 0.97 1 1.64 1.12 1.47 4.21 0.38 0.16 0.33 1.12 0.07 0.15 -0.31 1.07 0.41 0.25 -0.5 -0.19 -0.22 0.95 0.97 0.83 1.02 1.28 1.27 2.76 3.22 1.37 1.66 -0.73 -0.76 -0.65 0.56 0.99 -0.62 -1.84 -2.4 0.06 -0.28 -0.13 -0.27 -0.07 -0.68 -0.68 0.02 -0.17 -0.96 -0.81 -0.98 -1.24 -0.69 0.01 2.15 0.79 0.98 0.24 1.03 0.16 1.16 -0.17 1.91 1.77 0.31 2.56 2.71 0.99 -0.1 -0.39
-0.91 -1.67 -1.47 -1.19 -0.47 -0.82 -0.48 -0.42 -0.79 0.08 -0.24 -0.73 -1.18 -0.31 -0.08 -0.58 0.68 2.29 1.47 0.33 1.31 0.96 0.12 0.12 0.52 -0.46 -0.73 -0.86 0.1 -0.46 -0.44 0.9 1.98 1.94 2.57 2.36 2.34 4.46 1.38 1.13 0.92 0.32 0.62 0.51 3.22 -0.24 -0.31 0.98 0.48 1.18 1.45 1.01 1.02 2.32 1.59 1.13 1.12 2.35 2.73 -0.25 0.18 -0.37 -0.72 -0.9 1.35 0.72 -0.78 0.2 0.16 -0.34 -0.34 -0.5 -0.5 -0.28 -0.78 -0.76 -0.35 -0.25 -0.13 -0.61 -0.73 -1.29 0.2 -0.43 0.73 0.34 0.61 0.32 0.12 1.46 0.16 -0.92 0.17 0.47 -0.18 3.91 3.87 0.89 -0.15 0.95
-0.13 0.41 0.6 0.54 0.32 1.13 0.22 0.68 -0.94 0.21 -0.29 0.3 -0.45 0.28 -0.08 0.35 -0.31 -0.06 0.17 0.13 -0.26 -0.2 -0.08 -0.63 -0.5 -0.21 -0.35 -1.22 -0.71 -0.51 -0.38 0.11 1.4 0.87 1.23 1.18 1.55 0.09 -0.24 -0.38 0.04 0.14 0.04 0.14 -0.43 0 0.26 0.13 -0.69 -1.06 -1.12 -0.34 -0.64 0.25 -0.06 0.28 0.38 0.19 0 -0.19 0.38 -0.22 -0.25 0.05 0.13 0.92 0.75 0.02 -0.07 0.67 0.68 0.46 0.24 1.1 -0.14 -0.06 -0.25 0.6 0.06 -0.38 -0.55 -0.87 -0.12 0.48 -0.85 0.16 -0.29 -0.86 -0.2 0.5 -0.03 0.87 -0.61 -1.06 0.28 1.44 1.55 0.62 0.69 0.74
-1.09 -1.14 -1.36 -1.44 0.63 -0.39 0.31 0.23 -0.55 -0.44 -0.32 -0.1 -0.85 -1.37 -0.9 -0.305 -0.64 1.11 0.48 0.26 -0.19 0.06 0.36 0.34 0.4 -0.19 -0.41 0.017 -0.05 0.19 -0.21 0.95 1.25 1.81 1.82 1.28 1.61 3.28 -0.18 0 0.8 0.67 0.16 0.16 0.33 0.26 0.62 0.22 -0.17 -0.06 0 0.54 0.28 0.93 1.06 0.53 0.66 1.34 1.58 -0.23 0.01 -0.78 -0.31 -0.57 0.24 0.31 0.19 1.28 1.43 0.2 0.53 0.21 0.16 -0.16 -0.49 -0.83 -0.4 -0.27 0 -0.08 -0.2 -0.42 -0.32 0.21 0.26 0.7 -0.28 -0.12 0.43 0.6 0 -0.07 0.38 0.52 -0.19 1.64 2.02 1.12 0.45 0.52
-0.17 0.21 0.23 0.33 1.13 0.4 0.62 0.56 0.79 0.12 -0.21 0.089 -0.05 -0.6 -1.08 -0.113333333333333 -0.99 -0.81 -0.02 0.38 -0.69 0.09 -0.1 -0.07 -0.33 0.7 0.46 -0.0844444444444444 -1.3 0.94 0.56 -0.13 0.4 0.08 -0.01 0.07 0.64 -0.12 -0.24 0.04 0.36 0.17 0.56 0.42 -0.41 -0.26 -0.54 0.78 -0.55 -2.08 -1.93 -1.72 -1.75 -1.59 -0.19 -0.32 -0.54 0.286 0 -0.28 -0.88 -0.07 -0.29 1.48 -0.14 -0.43 0.52 0.17 -0.07 1.34 1.41 -0.42 -0.28 0.16 0.16 -0.43 -0.31 -0.18 -0.01 0.13 0.25 0.57 0.38 0.67 -0.08 0 -0.74 -0.46 -0.16 0 -0.58 0.15 0.49 0.15 0.09 1.66 1.71 0.82 -0.33 0.27
-0.52 -0.34 -0.4 -0.25 0.44 -0.1 0.07 -0.07 0.53 -0.26 0.25 0.04 0.33 -0.31 -0.38 -1.29 -0.17 -0.44 0.05 0.94 -0.36 0.57 0.16 0.06 0.37 0.3 0.09 -0.13 0.28 1.05 0.89 0.1 0.86 0.56 1.23 0.63 1.23 2.8 1.05 0.99 0.66 0.41 1.43 1.17 0.76 -0.23 0.18 0.45 -0.65 -0.81 -0.96 0.27 0.14 0.22 0.77 0.68 0.55 1.03 0.84 -0.43 -0.25 -0.68 -0.95 -0.35 0.05 -0.11 -0.31 0.48 0.23 0.29 0.32 0.04 -0.26 -0.26 0.02 -0.71 -0.52 -0.15 -0.08 0.03 -0.05 -0.7 -0.07 0.25 1.14 0.04 0.25 -0.28 0.21 -0.14 0.32 -0.13 0.12 -0.18 -0.3 0.84 1.42 0.19 -0.31 -0.06
0.87 0.8 0.68 0.89 0.96 0.46 0.85 0.95 1.28 0.76 0.27625 0.3825 -0.63 0.63 0.79 0.45 -0.45 -0.66 -0.5 -0.05 0.59 0.07 -0.08 -0.38 -1.2 1.38 0 0.34 -0.77 0.45 0.6 -0.0111111111111111 0.5175 0.11 -0.488 -0.29 -0.206666666666667 -1.5 0.54 0.54 0.52 0 -0.41 -0.49 -1.87 0.14125 0.41 0.273333333333333 -0.72 -1.95 -2.55 -1.20333333333333 -0.636 -2.21 0.128333333333333 -0.263333333333333 -1 0.0528571428571428 -1.11 -0.51 -0.27 -0.28 1.42 0.3 0.295714285714286 -0.48 0.31 1.62 1.62 1.38 1.47 0.37 0.29 0.43 0.16 0.61 0.67 0.88 1.04 1.07 0.88 1.08 0.46 0.79 -0.264444444444444 -0.27 -0.29 -0.31 -0.77 -0.46 -0.0933333333333333 0.78 -0.63 -0.53 1 -0.48 -0.62 0.64 0.72 0.24
0.72 0.77 1.11 1.18 -0.19 0.77 0.44 0.62 0.03 0.36 0.45 -1.2 -0.93 -0.14 -0.09 -0.54 -0.25 -1.26 -0.3 -0.41 -0.37 -0.29 -0.7 -0.33 -1.61 -0.58 -1.51 -1.51 -1.34 -0.79 -0.7 -0.59 -0.21 -0.23 -0.71 0 0 -1.07 -1.85 -1.22 -0.29 -0.52 -0.12 -0.32 -1.05 -0.25 -0.51 -0.24 -0.99 -1.54 -0.88 -0.89 -0.96 -0.61 -0.66 -0.11 -0.38 -0.46 -0.77 -0.29 -0.19 0.03 0.24 -0.44 -0.77 -0.48 0.93 -0.17 -0.23 0.45 0.98 1.34 1.35 0.74 -0.12 0.81 0.95 0.69 1.41 0.96 0.76 0.57 0.93 0.74 -0.23 -0.19 -0.33 -0.82 -0.26 -0.01 -0.39 0.51 -0.24 -0.09 1.51 2.84 3.16 0.22 1.73 0.6
0.03 0.22 0.11 0.27 -0.34 0.2 0.68 0.67 -1.89 0.46 0.03 -0.34 -0.41 0 -0.08 -1.13 -0.31 -0.89 0.4 -0.13 -0.32 0.94 -0.4 -0.46 -0.19 -0.36 -0.81 -0.86 -0.34 -0.88 -0.79 -0.34 0.21 0.35 0.15 0.35 -0.09 0.99 -1.17 -0.94 -0.06 0 0.47 0.31 -0.21 -0.18 -0.43 -0.3 -0.23 -1.48 -1.34 -1.58 -1.49 -1.41 -0.91 -1.12 -0.91 -1.11 -0.21 -0.92 0.51 -0.23 0.07 -0.01 0.12 0.98 0.76 0.83 0.81 0.52 0.02 0.38 0.41 0.28 -0.35 0 -0.12 -0.1 0.45 0.2 0.26 0.32 0.91 0.29 0.14 0.21 0.28 0.01 0.33 0.22 -0.48 0.78 0.39 0.35 0.8 2.15 2.08 0.46 0.57 0.64
0.33 0.69 0.53 0.72 -0.65 -0.15 0.68 0.68 0.53 0.16 -0.073 0.63 -0.32 -0.27 -0.26 -0.06 0.69 0.46 -0.17 0.95 -0.53 0.59 -0.57 -0.53 0.19 0.83 1.03 0.92 0 1.16 1.28 -0.21 0.67 0.43 0.25 0.71 -0.09 2.14 -1.01 -0.87 -0.18 -0.04 -0.41 -0.52 1.79 0.7 -0.25 0.19 0.51 0.43 0.28 -0.17 -0.12 0.38 0.29 -0.33 -0.27 0.05 -0.17 0.67 1.03 0.07 0.06 -0.63 -0.05 0.6 0.12 0.03 0.06 0.24 -0.06 -0.23 -0.17 0.71 -1.12 -0.05 -0.11 -0.04 0.14 0.03 0.04 0 0.48 -0.34 -0.69 -0.49 0.2 0.01 0.1 0.12 -0.07 0.44 0.51 0.85 0.84 2.88 2.89 0.23 0.49 0.11
-1.19 -0.34 -0.49 -0.28 0.38 0 0.59 0.69 0.95 -0.26 -0.5 0.29 -0.75 -1.26 -1.3 -1.46 0.35 -0.32 0.58 1.21 1 1.16 0.3 0.27 0.22 -0.39 -0.43 -0.75 -0.21 0.84 1.09 0.7 0.95 0.83 0.85 0.82 1.04 3.56 0.23 0.18 0.23 0.46 1.88 1.72 -0.09 0.12 0.14 0.38 -0.09 0.1 0.06 0.45 0.51 0.77 0.48 0.05 -0.2 -0.41 -0.13 0.38 -0.13 -0.76 -0.48 -0.55 -0.05 0.15 -0.21 1.02 1.28 0.88 -0.87 -0.51 -0.54 0.04 -0.83 0.05 0.36 0.2 -0.18 -0.48 -0.56 -0.84 0.38 0.17 2.06 0.42 0.74 1.05 0.32 0.99 0 0.58 -0.4 -0.24 0.69 2.61 2.82 1.22 -0.15 1.57
-0.1 -0.78 -1.25 -0.91 0.35 0.66 1.11 0.99 1.01 -0.48 -0.142 -0.152 -0.25 -0.26 -0.14 -0.274 -1.17 -0.16 0.1 0.39 -0.68 0.19 -0.13 -0.09 -0.64 0.59 0.35 0.47 -0.05 -0.37 -0.87 -0.53 -0.23 -0.37 0.087 0.14 0.19 0.24 -1.01 -0.76 0.138888888888889 0.31 -0.28 -0.31 0 -1.03 -0.93 -0.35 -1.12 -2.74 -0.687777777777778 -2.18 -2.47 -3.16 -1.9 -0.01 -0.4 0.00875000000000002 -0.02125 1.45 -0.67 -0.16 -0.57 -0.19 0.062 -0.74 0.22 1.81 1.67 0.76 1.01 -0.19 -0.06 -0.32 -0.5 0.05 0.12 0.27 0.18 -0.05 0.16 0.29 0.46 0.73 0.05 0.14 -0.57 -0.38 -0.22 0.43 -0.52 0.42 -0.31 -0.64 0.28 0.38 0.84 -0.05 0.47 0.35
-0.7 -0.77 -0.81 -1.3 0.67 0.65 -0.69 -0.71 -0.16 0.1 -0.15 -0.83 -0.75 -0.462 -0.59 -0.8 -0.54 -0.37 0.47 -0.26 -0.5 -0.13 -0.33 0.73 0.2 1.18 0.74 0.57 0.29 0.5 -0.51 -0.27 0.11 -0.35 -1.02 -0.32 0.33 0.11 -0.74 -0.22 -0.57 -1 -0.74 -0.95 -1.15 -1.56 -0.86 -0.07 0.01 -0.54 -0.54 -1 -0.91 -0.17 -0.34 0 -0.37 0.01 0.12 0.4 0.19 -0.44 -0.1 -0.29 -0.22 0.47 1.37 1.48 1.93 0.07 -0.54 1.34 1.54 0.31 -1 -0.06 0 -0.01 0.79 0.32 0.64 0.42 1.37 0.79 -0.02 -0.35 0.21 0.95 0.45 0.61 -0.12 0.45 -0.5 -0.67 0.89 0.76 0.93 0.22 -0.01 0.24
-1.7 -0.54 -0.88 -0.84 -1.35 -0.99 1.19 1.85 -1.19 -0.61 -0.54 0.29 -1.06 -1.4 -1.61 -0.51 -0.59 2.81 -0.9 0 -1.07 -0.03 1.88 1.21 -1.08 -0.41 -0.29 -1.52 0.7 0.7 1.12 -0.34 -0.32 -0.15 -0.75 -0.08 -0.64 -0.67 -0.88 -1.12 0.2 0.56 0.19 0.08 1.5 0.1 0.06 0.87 1.03 1.21 0.99 0.28 0.51 1.22 1.12 0.56 0.47 1.42 1.88 1.88 0.12 -1.32 -0.37 -0.43 -0.17 0.51 0.23 -0.89 -1.1 -0.51 0.31 -0.69 -0.65 0.19 -0.128 -1.14 -1.04 -1.49 -0.44 0.01 -0.23 -0.22 -0.29 0.03 1.92 1.09 0 1.54 0.47 1.32 0.41 0.08 0.03 0.43 -0.01 2.8 2.51 0.7 -0.18 0.9
0.82 0.85 0.87 0.96 0.95 0.99 1.66 1.63 1.09 0.12 0.42 -0.25 0.87 -0.17 0.12 -0.11 -0.7 -0.61 -0.25 0.24 -1.02 -0.26 0.31 -0.09 0 0 -0.25 -0.51 1.28 -0.52 -0.82 -0.54 -0.26 -0.29 -0.23 0 -0.44 0.36 -0.76 -1.2 0.18 0.05 0.22 0.17 0.43 -0.3 -0.51 -0.46 -0.74 -1.07 -1.31 -0.88 -0.65 -0.62 -0.17 -0.38 -0.22 0.32 -0.25 -0.41 -1.12 -0.3 0.07 -0.05 0.32 -0.7 -0.54 1.11 0.83 0.29 0.32 1.79 1.58 0.34 0.41 -0.05 0.3 0.28 0.61 0.53 0.41 0.47 0.45 0.96 1.03 0.17 -0.27 0.01 -0.17 -0.34 -0.27 0.94 -0.56 -0.82 0.92 -0.04 0.12 -0.25 0.51 -0.51
0.223 0.66 0.73 0.75 2.26 1.08 0.88 1.15 0.46 0.12 -0.17 -0.94 0.41 0.73 0.35 0.18 -0.66 -1.23 -0.15 -0.25 -0.95 -0.81 0.16 -0.37 -0.56 1.61 0.23 0.08 -0.64 -1.21 -1.58 -0.17 -0.3 -0.28 -0.33 0.37 0.02 2.16 -0.601 -1.45 0.3 -0.36 -0.07 -0.08 -0.75 0.03 -0.04 -0.29 -0.87 -1.55 -1.72 -1.97 -1.58 -0.84 -1.1 -0.56 -0.54 -0.17 -0.57 0.38 -0.82 -0.18 0.1 0 -0.27 -0.68 0.38 1.13 1.28 -0.12 0.18 1.48 1.51 0.5 1.22 0.38 0.44 0.52 1.16 1.27 1.25 0.81 0.8 1.12 0.92 -0.1 0.05 -0.04 -0.55 -0.62 0.17 0.91 0.37 0.72 1.18 -0.09 -0.23 0.22 1.24 -0.41
0.271 0.95 1.31 1.46 2.08 0.24 2.73 2.77 2.28 1.32 0.63 -2.19 -0.65 0.99 0.53 0.64 -0.57 -0.1 -0.56 -0.81 -1.53 -0.48 -0.85 -1.27 -2.19 -1.87 -0.86 -1.46 -2.04 -1.65 -1.68 -0.22 -0.75 -0.54 -1.02 -0.56 -0.12 1.23 -3.05 -3 -0.47 -0.66 -1.08 -0.8 -2.54 -1.33 -1.05 -1.49 -1.88 -3.46 -3.36 -3.16 -3.15 -1.21 -2.06 -1.28 -1.04 -0.84 -1.4 -1.25 -1.11 1.58 0.48 0.31 -0.92 -1.16 1.5 2.13 2.09 0.59 -0.46 3.6 2.77 0.51 0.43 0.75 1.06 1.01 2.01 1.8 1.28 1 1.59 1.08 2.27 0.11 -0.07 0.35 0.23 0.46 0.48 1.08 0.15 0.32 1.11 0.8 0.92 -0.77 1.6 -1.14
0.7 0.69 0.55 0.82 1.15 0.58 0.84 1.23 0.32 0.36 -0.21 -0.7 0 -0.45 -0.36 -0.33 -0.45 0.32 -0.45 0.19 -1.28 -0.02 -0.06 -0.9 0.09 -0.03 -0.49 -0.62 -0.5 0.08 0.12 -0.21 -0.22 0.17 0.36 0.38 -0.01 0.57 -1.19 -1 0.11 0 0 -0.17 -1.24 -0.64 -0.3 -0.73 -1.23 -1.25 -1.52 -0.82 -0.58 0.23 -0.31 -0.94 -0.57 -0.13 -0.05 -0.73 -0.33 0.11 0.23 0.06 0.04 -0.79 0.66 1.5 1.24 0.76 -0.46 0.9 0.65 0.81 0.91 -0.69 -0.18 -0.08 0.29 0.62 0.16 0.22 0.37 0.56 0.92 0.42 0.02 -0.24 -0.14 -0.39 0.52 1.12 -0.46 -0.37 0.42 0 -0.06 -0.87 0.49 -0.94
-1.12 -1.44 -1.79 -1.67 0.41 0.58 0.2 0.11 -1.58 -0.29 -0.0725 0.46 0.06 -0.74 -0.58 -1.41 0.18 -0.41 0.66 0.58 0 2.83 -0.58 0.314444444444444 0.91 -0.08 -0.69 -1.15 0.88 -0.16 -0.1 0.37 1.39 0.62 1.27 1.28 0.45 2.64 -0.43 -0.54 0.34 0.71 0.99 0.83 1.83 -0.88 -0.46 -0.48 -0.15 -0.12 -0.08 0.86 0.93 0.88 0.86 0 0.14 0.95 1.27 1.56 0.45 -1.01 -1.24 -0.52 0 1.04 -0.38 -0.09 -0.26 0 -0.28 -0.84 -1.26 0.13 -0.94 -0.59 -0.58 -0.45 -0.34 -0.18 -0.62 -0.62 -0.49 0.01 2.3 0.56 0.98 0.37 1.12 0.43 0.32 0.81 0.58 0.56 1.14 1.88 2.2 0.3 -0.08 0.22
0.55 0.48 0.27 0.57 1.75 0.66 -0.15 -0.11 1.47 0.48 -0.133333333333333 -0.685 0.64 -0.29 -0.26 0.258333333333333 -1.22 0.05 0.16 -0.47 -0.67 0.11 -0.3525 0.1 -0.426666666666667 -0.39 -1.45 -0.343333333333333 -0.1375 -1.3 -1.17 -0.82 -0.1875 -0.35 -0.374285714285714 -0.33 -0.38 0.75 -0.375 -0.375 0.244 1.27 0.6 0.58 -0.1 -0.59 -0.612 -0.3975 -0.7 -1.02 -0.75 -0.122857142857143 -1.12 -0.19 -0.74 -0.8 -0.54 0.44 0.72 0.32 0.37 0.03 -1.04 0.17 -0.2 -1.58 -0.12 1.37 1.68 1.26 0.19 -0.16 -0.1 0.38 -0.494 0.02 0.2 0.22 0 -0.41 -0.22 -0.4 -0.12 -0.03 1.04 -0.67 -0.82 -1.01 0.08 0.1 -0.99 0.48 -1.29 -1.62 1.05 -1.97 -1.63 -0.44 0.9 -0.91
-0.295555555555556 -1.11 -0.8 -0.67 0.74 -0.00857142857142857 -1.11 -1 -0.86 0.16 0 -0.28125 0.41 0.206 -0.38 -1.19 -0.85 0.46 -1 -0.09 0.08 -0.26 -0.47 -0.61 0.7 2.61 2.04 1.88 0.43 1.75 1.85 0.29 -0.43 -0.63 -0.58 -0.28 -0.14 -0.68 -1.49 -0.95 -0.02 -0.27 -2.39 -2.84 0.43 -0.31 -0.66 -0.12 -0.87 -0.93 -0.75 -0.34 -0.68 -0.12 0.02125 -0.04 0.24 -0.16 0.16 -0.27 -0.55 1.06 -0.25 0.91 -0.51 -0.3 -1.49 -0.24 -0.67 -0.76 -0.318888888888889 4.21 4.15 -0.25 0.51 1.23 1.23 1.39 0.73 0.81 0.67 0.8 -0.02 -0.5 -0.7 0.49 0.38 0.85 -1.47 -0.41 0.92 0.04 -1.16 -1.06 -0.19 -1.34 -1.82 -0.69 -0.01 -0.85
-0.09 0.93 0.45 1.28 -0.2 0.33 0.44 0.87 -1.22 0.21 -0.46 0.33 -0.07 0 -0.38 0 0.35 0.65 -0.26 0.47 0.37 0.66 0.07 0.36 0.96 1.4 0.97 1.17 -0.17 -0.36 0.06 1.12 1.59 1.81 1.92 1.71 1.03 1.14 0.04 0.39 -0.05 0.31 0.48 0.36 1.41 0.6 1.1 0.15 0.29 0.1 0.14 -0.3 -0.22 0.05 0.05 0.12 0.09 0.2 -0.48 0.36 0.6 -0.4 0.14 0.37 -0.29 -0.18 0.38 -0.18 -0.72 -0.45 -0.53 0.56 0.72 0.57 0.11 0.03 -0.24 -0.2 -0.32 -0.07 -0.06 -0.09 0.11 0.5 -0.23 0.39 -0.13 0.13 0.34 0.14 -0.03 0.24 -0.08 0.06 -0.44 1.78 1.45 0.55 0.12 -0.03
